solid OpenSCAD_Model
  facet normal 0 0 -1
    outer loop
      vertex 19.3185 -5.17638 -50
      vertex 14.1421 -14.1421 -50
      vertex 5.17638 -19.3185 -50
    endloop
  endfacet
  facet normal 0 0 -1
    outer loop
      vertex 19.3185 5.17638 -50
      vertex 5.17638 19.3185 -50
      vertex 14.1421 14.1421 -50
    endloop
  endfacet
  facet normal 0 0 -1
    outer loop
      vertex 19.3185 -5.17638 -50
      vertex 5.17638 19.3185 -50
      vertex 19.3185 5.17638 -50
    endloop
  endfacet
  facet normal -0 0 -1
    outer loop
      vertex 19.3185 -5.17638 -50
      vertex 5.17638 -19.3185 -50
      vertex 5.17638 19.3185 -50
    endloop
  endfacet
  facet normal -0 -0 -1
    outer loop
      vertex 5.17638 19.3185 -50
      vertex 5.17638 -19.3185 -50
      vertex -5.17638 19.3185 -50
    endloop
  endfacet
  facet normal 0 0 -1
    outer loop
      vertex -5.17638 19.3185 -50
      vertex -19.3185 5.17638 -50
      vertex -14.1421 14.1421 -50
    endloop
  endfacet
  facet normal 0 0 -1
    outer loop
      vertex -5.17638 -19.3185 -50
      vertex -19.3185 -5.17638 -50
      vertex -19.3185 5.17638 -50
    endloop
  endfacet
  facet normal 0 -0 -1
    outer loop
      vertex -5.17638 19.3185 -50
      vertex -5.17638 -19.3185 -50
      vertex -19.3185 5.17638 -50
    endloop
  endfacet
  facet normal 0 0 -1
    outer loop
      vertex -19.3185 -5.17638 -50
      vertex -5.17638 -19.3185 -50
      vertex -14.1421 -14.1421 -50
    endloop
  endfacet
  facet normal 0 0 -1
    outer loop
      vertex -5.17638 19.3185 -50
      vertex 5.17638 -19.3185 -50
      vertex -5.17638 -19.3185 -50
    endloop
  endfacet
  facet normal 0 0 1
    outer loop
      vertex 5.17638 -19.3185 50
      vertex 14.1421 -14.1421 50
      vertex 19.3185 -5.17638 50
    endloop
  endfacet
  facet normal 0 0 1
    outer loop
      vertex 14.1421 14.1421 50
      vertex 5.17638 19.3185 50
      vertex 19.3185 5.17638 50
    endloop
  endfacet
  facet normal 0 0 1
    outer loop
      vertex 19.3185 5.17638 50
      vertex 5.17638 19.3185 50
      vertex 19.3185 -5.17638 50
    endloop
  endfacet
  facet normal 0 0 1
    outer loop
      vertex 5.17638 19.3185 50
      vertex 5.17638 -19.3185 50
      vertex 19.3185 -5.17638 50
    endloop
  endfacet
  facet normal -0 0 1
    outer loop
      vertex -5.17638 19.3185 50
      vertex 5.17638 -19.3185 50
      vertex 5.17638 19.3185 50
    endloop
  endfacet
  facet normal -0 0 1
    outer loop
      vertex -14.1421 14.1421 50
      vertex -19.3185 5.17638 50
      vertex -5.17638 19.3185 50
    endloop
  endfacet
  facet normal 0 0 1
    outer loop
      vertex -19.3185 5.17638 50
      vertex -19.3185 -5.17638 50
      vertex -5.17638 -19.3185 50
    endloop
  endfacet
  facet normal -0 0 1
    outer loop
      vertex -19.3185 5.17638 50
      vertex -5.17638 -19.3185 50
      vertex -5.17638 19.3185 50
    endloop
  endfacet
  facet normal -0 -0 1
    outer loop
      vertex -14.1421 -14.1421 50
      vertex -5.17638 -19.3185 50
      vertex -19.3185 -5.17638 50
    endloop
  endfacet
  facet normal 0 0 1
    outer loop
      vertex -5.17638 -19.3185 50
      vertex 5.17638 -19.3185 50
      vertex -5.17638 19.3185 50
    endloop
  endfacet
  facet normal 0.866024 -0.500003 0
    outer loop
      vertex 19.3185 -5.17638 -50
      vertex 14.1421 -14.1421 50
      vertex 14.1421 -14.1421 -50
    endloop
  endfacet
  facet normal 0.866024 -0.500003 0
    outer loop
      vertex 19.3185 -5.17638 -50
      vertex 19.3185 -5.17638 50
      vertex 14.1421 -14.1421 50
    endloop
  endfacet
  facet normal 1 0 0
    outer loop
      vertex 19.3185 5.17638 -50
      vertex 19.3185 -5.17638 50
      vertex 19.3185 -5.17638 -50
    endloop
  endfacet
  facet normal 1 0 -0
    outer loop
      vertex 19.3185 5.17638 -50
      vertex 19.3185 5.17638 50
      vertex 19.3185 -5.17638 50
    endloop
  endfacet
  facet normal 0.866024 0.500003 0
    outer loop
      vertex 14.1421 14.1421 -50
      vertex 19.3185 5.17638 50
      vertex 19.3185 5.17638 -50
    endloop
  endfacet
  facet normal 0.866024 0.500003 -0
    outer loop
      vertex 14.1421 14.1421 -50
      vertex 14.1421 14.1421 50
      vertex 19.3185 5.17638 50
    endloop
  endfacet
  facet normal 0.500003 0.866024 0
    outer loop
      vertex 5.17638 19.3185 -50
      vertex 14.1421 14.1421 50
      vertex 14.1421 14.1421 -50
    endloop
  endfacet
  facet normal 0.500003 0.866024 -0
    outer loop
      vertex 5.17638 19.3185 -50
      vertex 5.17638 19.3185 50
      vertex 14.1421 14.1421 50
    endloop
  endfacet
  facet normal 0 1 0
    outer loop
      vertex -5.17638 19.3185 -50
      vertex 5.17638 19.3185 50
      vertex 5.17638 19.3185 -50
    endloop
  endfacet
  facet normal 0 1 0
    outer loop
      vertex -5.17638 19.3185 -50
      vertex -5.17638 19.3185 50
      vertex 5.17638 19.3185 50
    endloop
  endfacet
  facet normal -0.500003 0.866024 0
    outer loop
      vertex -14.1421 14.1421 -50
      vertex -5.17638 19.3185 50
      vertex -5.17638 19.3185 -50
    endloop
  endfacet
  facet normal -0.500003 0.866024 0
    outer loop
      vertex -14.1421 14.1421 -50
      vertex -14.1421 14.1421 50
      vertex -5.17638 19.3185 50
    endloop
  endfacet
  facet normal -0.866024 0.500003 0
    outer loop
      vertex -19.3185 5.17638 -50
      vertex -14.1421 14.1421 50
      vertex -14.1421 14.1421 -50
    endloop
  endfacet
  facet normal -0.866024 0.500003 0
    outer loop
      vertex -19.3185 5.17638 -50
      vertex -19.3185 5.17638 50
      vertex -14.1421 14.1421 50
    endloop
  endfacet
  facet normal -1 0 0
    outer loop
      vertex -19.3185 -5.17638 -50
      vertex -19.3185 5.17638 50
      vertex -19.3185 5.17638 -50
    endloop
  endfacet
  facet normal -1 0 0
    outer loop
      vertex -19.3185 -5.17638 -50
      vertex -19.3185 -5.17638 50
      vertex -19.3185 5.17638 50
    endloop
  endfacet
  facet normal -0.866024 -0.500003 0
    outer loop
      vertex -14.1421 -14.1421 -50
      vertex -19.3185 -5.17638 50
      vertex -19.3185 -5.17638 -50
    endloop
  endfacet
  facet normal -0.866024 -0.500003 0
    outer loop
      vertex -14.1421 -14.1421 -50
      vertex -14.1421 -14.1421 50
      vertex -19.3185 -5.17638 50
    endloop
  endfacet
  facet normal -0.500003 -0.866024 0
    outer loop
      vertex -5.17638 -19.3185 -50
      vertex -14.1421 -14.1421 50
      vertex -14.1421 -14.1421 -50
    endloop
  endfacet
  facet normal -0.500003 -0.866024 0
    outer loop
      vertex -5.17638 -19.3185 -50
      vertex -5.17638 -19.3185 50
      vertex -14.1421 -14.1421 50
    endloop
  endfacet
  facet normal 0 -1 0
    outer loop
      vertex 5.17638 -19.3185 -50
      vertex -5.17638 -19.3185 50
      vertex -5.17638 -19.3185 -50
    endloop
  endfacet
  facet normal 0 -1 0
    outer loop
      vertex 5.17638 -19.3185 -50
      vertex 5.17638 -19.3185 50
      vertex -5.17638 -19.3185 50
    endloop
  endfacet
  facet normal 0.500003 -0.866024 0
    outer loop
      vertex 14.1421 -14.1421 -50
      vertex 5.17638 -19.3185 50
      vertex 5.17638 -19.3185 -50
    endloop
  endfacet
  facet normal 0.500003 -0.866024 0
    outer loop
      vertex 14.1421 -14.1421 -50
      vertex 14.1421 -14.1421 50
      vertex 5.17638 -19.3185 50
    endloop
  endfacet
endsolid OpenSCAD_Model
