solid OpenSCAD_Model
  facet normal -0 -0 -1
    outer loop
      vertex 18.4776 7.65366 -50
      vertex 18.4776 -7.65366 -50
      vertex 7.65366 18.4776 -50
    endloop
  endfacet
  facet normal -0 -0 -1
    outer loop
      vertex 7.65366 18.4776 -50
      vertex 7.65366 -18.4776 -50
      vertex -7.65366 18.4776 -50
    endloop
  endfacet
  facet normal -0 0 -1
    outer loop
      vertex 18.4776 -7.65366 -50
      vertex 7.65366 -18.4776 -50
      vertex 7.65366 18.4776 -50
    endloop
  endfacet
  facet normal 0 0 -1
    outer loop
      vertex -7.65366 -18.4776 -50
      vertex -18.4776 -7.65366 -50
      vertex -18.4776 7.65366 -50
    endloop
  endfacet
  facet normal 0 -0 -1
    outer loop
      vertex -7.65366 18.4776 -50
      vertex -7.65366 -18.4776 -50
      vertex -18.4776 7.65366 -50
    endloop
  endfacet
  facet normal 0 0 -1
    outer loop
      vertex -7.65366 18.4776 -50
      vertex 7.65366 -18.4776 -50
      vertex -7.65366 -18.4776 -50
    endloop
  endfacet
  facet normal 0 0 1
    outer loop
      vertex 7.65366 18.4776 50
      vertex 18.4776 -7.65366 50
      vertex 18.4776 7.65366 50
    endloop
  endfacet
  facet normal -0 0 1
    outer loop
      vertex -7.65366 18.4776 50
      vertex 7.65366 -18.4776 50
      vertex 7.65366 18.4776 50
    endloop
  endfacet
  facet normal 0 0 1
    outer loop
      vertex 7.65366 18.4776 50
      vertex 7.65366 -18.4776 50
      vertex 18.4776 -7.65366 50
    endloop
  endfacet
  facet normal 0 0 1
    outer loop
      vertex -18.4776 7.65366 50
      vertex -18.4776 -7.65366 50
      vertex -7.65366 -18.4776 50
    endloop
  endfacet
  facet normal -0 0 1
    outer loop
      vertex -18.4776 7.65366 50
      vertex -7.65366 -18.4776 50
      vertex -7.65366 18.4776 50
    endloop
  endfacet
  facet normal 0 0 1
    outer loop
      vertex -7.65366 -18.4776 50
      vertex 7.65366 -18.4776 50
      vertex -7.65366 18.4776 50
    endloop
  endfacet
  facet normal 1 0 0
    outer loop
      vertex 18.4776 7.65366 -50
      vertex 18.4776 -7.65366 50
      vertex 18.4776 -7.65366 -50
    endloop
  endfacet
  facet normal 1 0 -0
    outer loop
      vertex 18.4776 7.65366 -50
      vertex 18.4776 7.65366 50
      vertex 18.4776 -7.65366 50
    endloop
  endfacet
  facet normal 0.707107 0.707107 0
    outer loop
      vertex 7.65366 18.4776 -50
      vertex 18.4776 7.65366 50
      vertex 18.4776 7.65366 -50
    endloop
  endfacet
  facet normal 0.707107 0.707107 -0
    outer loop
      vertex 7.65366 18.4776 -50
      vertex 7.65366 18.4776 50
      vertex 18.4776 7.65366 50
    endloop
  endfacet
  facet normal 0 1 0
    outer loop
      vertex -7.65366 18.4776 -50
      vertex 7.65366 18.4776 50
      vertex 7.65366 18.4776 -50
    endloop
  endfacet
  facet normal 0 1 0
    outer loop
      vertex -7.65366 18.4776 -50
      vertex -7.65366 18.4776 50
      vertex 7.65366 18.4776 50
    endloop
  endfacet
  facet normal -0.707107 0.707107 0
    outer loop
      vertex -18.4776 7.65366 -50
      vertex -7.65366 18.4776 50
      vertex -7.65366 18.4776 -50
    endloop
  endfacet
  facet normal -0.707107 0.707107 0
    outer loop
      vertex -18.4776 7.65366 -50
      vertex -18.4776 7.65366 50
      vertex -7.65366 18.4776 50
    endloop
  endfacet
  facet normal -1 0 0
    outer loop
      vertex -18.4776 -7.65366 -50
      vertex -18.4776 7.65366 50
      vertex -18.4776 7.65366 -50
    endloop
  endfacet
  facet normal -1 0 0
    outer loop
      vertex -18.4776 -7.65366 -50
      vertex -18.4776 -7.65366 50
      vertex -18.4776 7.65366 50
    endloop
  endfacet
  facet normal -0.707107 -0.707107 0
    outer loop
      vertex -7.65366 -18.4776 -50
      vertex -18.4776 -7.65366 50
      vertex -18.4776 -7.65366 -50
    endloop
  endfacet
  facet normal -0.707107 -0.707107 0
    outer loop
      vertex -7.65366 -18.4776 -50
      vertex -7.65366 -18.4776 50
      vertex -18.4776 -7.65366 50
    endloop
  endfacet
  facet normal 0 -1 0
    outer loop
      vertex 7.65366 -18.4776 -50
      vertex -7.65366 -18.4776 50
      vertex -7.65366 -18.4776 -50
    endloop
  endfacet
  facet normal 0 -1 0
    outer loop
      vertex 7.65366 -18.4776 -50
      vertex 7.65366 -18.4776 50
      vertex -7.65366 -18.4776 50
    endloop
  endfacet
  facet normal 0.707107 -0.707107 0
    outer loop
      vertex 18.4776 -7.65366 -50
      vertex 7.65366 -18.4776 50
      vertex 7.65366 -18.4776 -50
    endloop
  endfacet
  facet normal 0.707107 -0.707107 0
    outer loop
      vertex 18.4776 -7.65366 -50
      vertex 18.4776 -7.65366 50
      vertex 7.65366 -18.4776 50
    endloop
  endfacet
endsolid OpenSCAD_Model
