solid OpenSCAD_Model
  facet normal 1 -0 0
    outer loop
      vertex 30 -30 25
      vertex 30 30 -25
      vertex 30 30 25
    endloop
  endfacet
  facet normal 1 0 0
    outer loop
      vertex 30 30 -25
      vertex 30 -30 25
      vertex 30 -30 -25
    endloop
  endfacet
  facet normal 0 0 1
    outer loop
      vertex 30 30 25
      vertex 18.9395 7.845 25
      vertex 30 -30 25
    endloop
  endfacet
  facet normal 0 0 1
    outer loop
      vertex 30 30 25
      vertex 7.845 18.9395 25
      vertex 18.9395 7.845 25
    endloop
  endfacet
  facet normal 0 0 1
    outer loop
      vertex 30 30 25
      vertex -7.845 18.9395 25
      vertex 7.845 18.9395 25
    endloop
  endfacet
  facet normal 0 0 1
    outer loop
      vertex -18.9395 7.845 25
      vertex -30 30 25
      vertex -18.9395 -7.845 25
    endloop
  endfacet
  facet normal 0 0 1
    outer loop
      vertex -7.845 18.9395 25
      vertex -30 30 25
      vertex -18.9395 7.845 25
    endloop
  endfacet
  facet normal -0 0 1
    outer loop
      vertex -30 30 25
      vertex -7.845 18.9395 25
      vertex 30 30 25
    endloop
  endfacet
  facet normal -0 0 1
    outer loop
      vertex 18.9395 -7.845 25
      vertex 30 -30 25
      vertex 18.9395 7.845 25
    endloop
  endfacet
  facet normal -0 0 1
    outer loop
      vertex 7.845 -18.9395 25
      vertex 30 -30 25
      vertex 18.9395 -7.845 25
    endloop
  endfacet
  facet normal -0 0 1
    outer loop
      vertex -7.845 -18.9395 25
      vertex 30 -30 25
      vertex 7.845 -18.9395 25
    endloop
  endfacet
  facet normal 0 0 1
    outer loop
      vertex -7.845 -18.9395 25
      vertex -30 -30 25
      vertex 30 -30 25
    endloop
  endfacet
  facet normal 0 0 1
    outer loop
      vertex -18.9395 -7.845 25
      vertex -30 -30 25
      vertex -7.845 -18.9395 25
    endloop
  endfacet
  facet normal 0 0 1
    outer loop
      vertex -30 -30 25
      vertex -18.9395 -7.845 25
      vertex -30 30 25
    endloop
  endfacet
  facet normal 0 0 -1
    outer loop
      vertex 30 -30 -25
      vertex 18.9395 -7.845 -25
      vertex 30 30 -25
    endloop
  endfacet
  facet normal 0 0 -1
    outer loop
      vertex 30 -30 -25
      vertex 7.845 -18.9395 -25
      vertex 18.9395 -7.845 -25
    endloop
  endfacet
  facet normal 0 0 -1
    outer loop
      vertex 30 -30 -25
      vertex -7.845 -18.9395 -25
      vertex 7.845 -18.9395 -25
    endloop
  endfacet
  facet normal -0 0 -1
    outer loop
      vertex -18.9395 -7.845 -25
      vertex -30 -30 -25
      vertex -18.9395 7.845 -25
    endloop
  endfacet
  facet normal -0 0 -1
    outer loop
      vertex -7.845 -18.9395 -25
      vertex -30 -30 -25
      vertex -18.9395 -7.845 -25
    endloop
  endfacet
  facet normal 0 0 -1
    outer loop
      vertex -30 -30 -25
      vertex -7.845 -18.9395 -25
      vertex 30 -30 -25
    endloop
  endfacet
  facet normal 0 0 -1
    outer loop
      vertex 18.9395 7.845 -25
      vertex 30 30 -25
      vertex 18.9395 -7.845 -25
    endloop
  endfacet
  facet normal 0 0 -1
    outer loop
      vertex 7.845 18.9395 -25
      vertex 30 30 -25
      vertex 18.9395 7.845 -25
    endloop
  endfacet
  facet normal 0 0 -1
    outer loop
      vertex -7.845 18.9395 -25
      vertex 30 30 -25
      vertex 7.845 18.9395 -25
    endloop
  endfacet
  facet normal 0 0 -1
    outer loop
      vertex -7.845 18.9395 -25
      vertex -30 30 -25
      vertex 30 30 -25
    endloop
  endfacet
  facet normal 0 0 -1
    outer loop
      vertex -18.9395 7.845 -25
      vertex -30 30 -25
      vertex -7.845 18.9395 -25
    endloop
  endfacet
  facet normal 0 0 -1
    outer loop
      vertex -30 30 -25
      vertex -18.9395 7.845 -25
      vertex -30 -30 -25
    endloop
  endfacet
  facet normal -1 0 0
    outer loop
      vertex -30 -30 -25
      vertex -30 30 25
      vertex -30 30 -25
    endloop
  endfacet
  facet normal -1 -0 0
    outer loop
      vertex -30 30 25
      vertex -30 -30 -25
      vertex -30 -30 25
    endloop
  endfacet
  facet normal 0 1 -0
    outer loop
      vertex 30 30 -25
      vertex -30 30 25
      vertex 30 30 25
    endloop
  endfacet
  facet normal 0 1 0
    outer loop
      vertex -30 30 25
      vertex 30 30 -25
      vertex -30 30 -25
    endloop
  endfacet
  facet normal 0 -1 0
    outer loop
      vertex -30 -30 -25
      vertex 30 -30 25
      vertex -30 -30 25
    endloop
  endfacet
  facet normal 0 -1 -0
    outer loop
      vertex 30 -30 25
      vertex -30 -30 -25
      vertex 30 -30 -25
    endloop
  endfacet
  facet normal -0.707107 -0.707107 0
    outer loop
      vertex 18.9395 7.845 -25
      vertex 7.845 18.9395 25
      vertex 7.845 18.9395 -25
    endloop
  endfacet
  facet normal -0.707107 -0.707107 0
    outer loop
      vertex 7.845 18.9395 25
      vertex 18.9395 7.845 -25
      vertex 18.9395 7.845 25
    endloop
  endfacet
  facet normal 0.707107 0.707107 0
    outer loop
      vertex -7.845 -18.9395 25
      vertex -18.9395 -7.845 -25
      vertex -18.9395 -7.845 25
    endloop
  endfacet
  facet normal 0.707107 0.707107 0
    outer loop
      vertex -18.9395 -7.845 -25
      vertex -7.845 -18.9395 25
      vertex -7.845 -18.9395 -25
    endloop
  endfacet
  facet normal -1 0 0
    outer loop
      vertex 18.9395 -7.845 -25
      vertex 18.9395 7.845 25
      vertex 18.9395 7.845 -25
    endloop
  endfacet
  facet normal -1 -0 0
    outer loop
      vertex 18.9395 7.845 25
      vertex 18.9395 -7.845 -25
      vertex 18.9395 -7.845 25
    endloop
  endfacet
  facet normal 0 1 -0
    outer loop
      vertex 7.845 -18.9395 -25
      vertex -7.845 -18.9395 25
      vertex 7.845 -18.9395 25
    endloop
  endfacet
  facet normal 0 1 0
    outer loop
      vertex -7.845 -18.9395 25
      vertex 7.845 -18.9395 -25
      vertex -7.845 -18.9395 -25
    endloop
  endfacet
  facet normal 0.707107 -0.707107 0
    outer loop
      vertex -18.9395 7.845 25
      vertex -7.845 18.9395 -25
      vertex -7.845 18.9395 25
    endloop
  endfacet
  facet normal 0.707107 -0.707107 0
    outer loop
      vertex -7.845 18.9395 -25
      vertex -18.9395 7.845 25
      vertex -18.9395 7.845 -25
    endloop
  endfacet
  facet normal 0 -1 0
    outer loop
      vertex -7.845 18.9395 -25
      vertex 7.845 18.9395 25
      vertex -7.845 18.9395 25
    endloop
  endfacet
  facet normal 0 -1 -0
    outer loop
      vertex 7.845 18.9395 25
      vertex -7.845 18.9395 -25
      vertex 7.845 18.9395 -25
    endloop
  endfacet
  facet normal 1 -0 0
    outer loop
      vertex -18.9395 -7.845 25
      vertex -18.9395 7.845 -25
      vertex -18.9395 7.845 25
    endloop
  endfacet
  facet normal 1 0 0
    outer loop
      vertex -18.9395 7.845 -25
      vertex -18.9395 -7.845 25
      vertex -18.9395 -7.845 -25
    endloop
  endfacet
  facet normal -0.707107 0.707107 0
    outer loop
      vertex 7.845 -18.9395 -25
      vertex 18.9395 -7.845 25
      vertex 18.9395 -7.845 -25
    endloop
  endfacet
  facet normal -0.707107 0.707107 0
    outer loop
      vertex 18.9395 -7.845 25
      vertex 7.845 -18.9395 -25
      vertex 7.845 -18.9395 25
    endloop
  endfacet
endsolid OpenSCAD_Model
